GZ01	GZ02	GZ03	GZ04	GZ05	GZ06	GZ07	GZ08	GZ09	GZ10	GZ11	GZ12	GZ13	GZ14	GZ15	BJ01	BJ02	BJ03	BJ04	BJ05	BJ06	BJ07	BJ08	BJ09	BJ10	BJ11	BJ12	BJ13	BJ14	BJ15	BJ16	BJ17	BJ18	BJ19	BJ20	BJ21	BJ22	BJ23	BJ24	BJ25	BJ26	BJ27	BJ28	BJ29	BJ30	BJ31	BJ32	BJ33	GZ16	GZ17	GZ18	GZ19	GZ20	GZ21	GZ22	GZ23	GZ24	GZ25	GZ26	GZ27	GZ28	GZ29
g__Actinomyces	0	0	0	0	0	0	0	0	0	0	0	740	0	0	0	0	81659	0	0	0	0	9813	0	0	212494	9585	0	0	0	0	646	0	0	0	0	0	0	0	0	0	0	0	0	0	0	0	0	0	0	0	0	0	0	0	0	0	0	0	0	0	0	0
g__Brevibacterium	0	0	2360	0	0	0	0	0	0	0	0	0	0	0	0	0	0	0	0	0	0	0	0	0	0	0	0	0	0	0	0	0	0	0	0	0	0	0	0	0	0	0	0	0	0	0	0	0	0	0	0	0	0	0	0	0	0	0	0	0	0	0
g__Corynebacterium	0	0	0	0	0	0	276	0	0	0	0	210587	1052	0	0	0	0	0	44033	14442	0	61910	0	203692	3437	0	0	0	0	0	11766	0	5564	0	0	0	0	0	130069	0	0	0	0	0	0	0	0	0	0	0	0	0	0	0	0	0	0	0	0	0	0	0
g__Geodermatophilaceae_unclassified	0	0	0	0	0	0	0	0	0	0	0	0	9784	0	0	0	0	0	0	0	0	0	0	0	0	0	0	0	0	0	0	0	0	0	0	0	0	0	0	0	0	0	0	0	0	0	0	0	0	0	0	0	0	0	0	0	0	0	0	0	0	0
g__Leifsonia	0	0	0	0	0	0	0	0	0	0	0	0	606	0	0	0	0	0	0	0	0	0	0	0	0	0	0	0	0	0	0	0	0	0	0	0	0	0	0	0	0	0	0	0	0	0	0	0	0	0	0	0	0	0	0	0	0	0	0	0	0	0
g__Kocuria	0	0	0	0	0	0	0	0	0	0	0	0	488	0	0	0	0	0	0	0	0	0	0	0	0	0	0	0	0	0	0	0	0	0	0	0	0	0	0	0	0	0	0	0	0	0	0	0	0	0	0	0	0	0	0	0	0	0	0	0	0	0
g__Micrococcus	0	0	0	0	0	0	0	0	0	0	0	0	266	0	0	0	0	0	0	0	0	0	0	0	0	0	0	0	0	0	0	0	0	0	0	0	0	0	0	0	0	0	0	0	0	0	0	0	0	0	0	0	0	0	0	0	0	0	0	0	0	0
g__Rothia	0	0	252	0	0	0	0	0	0	232	0	0	0	3640	0	0	805	0	0	0	0	0	0	0	373436	37233	0	0	0	0	1959	83	0	0	0	26077	0	0	0	0	0	0	0	0	0	0	0	3922	0	0	0	0	0	0	0	0	0	0	0	0	0	0
g__Actinoplanes	0	0	0	0	0	0	0	0	0	0	0	0	11541	0	0	0	0	0	0	0	0	0	0	0	0	0	0	0	0	0	0	0	0	0	0	0	0	0	0	0	0	0	0	0	0	0	0	0	0	0	0	0	0	0	0	0	0	0	0	0	0	0
g__Propionibacteriaceae_unclassified	1844	1844	2193	0	6402	3310	0	2340	2142	8203	1539	5680	0	1765	0	0	0	0	0	5453	0	0	0	0	0	5551	6954	0	0	0	0	0	0	0	0	0	0	0	0	0	0	922	3689	0	0	0	922	0	0	0	0	0	0	0	1844	0	0	0	0	0	0	0
g__Propionibacterium	0	0	8246	0	25583	1710	19858	328	1190	43355	2363	1306	177458	61	16477	0	0	0	0	62	0	108	0	0	3860	7081	6002	0	0	0	0	0	0	0	0	0	92	0	0	0	0	0	0	0	0	0	0	0	0	0	0	0	0	0	0	0	0	0	0	0	0	0
g__Bifidobacterium	0	0	0	0	2778	0	351	0	0	0	0	0	2645	0	0	0	0	0	0	0	0	250	0	0	37511	0	0	0	0	0	3415	0	0	0	0	0	0	0	0	0	0	0	0	0	0	0	0	0	0	0	0	0	0	0	0	0	0	0	0	0	0	0
g__Gardnerella	0	0	150	0	443	0	361	82	0	135	0	0	4511	0	53	0	0	0	0	0	0	0	0	0	0	0	0	0	0	0	0	0	0	0	0	0	0	0	0	0	0	0	0	0	0	0	0	0	0	0	0	0	0	0	0	0	0	0	0	0	0	0
g__Parascardovia	0	0	0	0	0	0	0	0	0	0	0	0	0	0	0	0	0	0	0	0	0	0	0	0	622	0	0	0	0	0	0	0	0	0	0	0	0	0	0	0	0	0	0	0	0	0	0	0	0	0	0	0	0	0	0	0	0	0	0	0	0	0
g__Scardovia	0	0	0	0	0	0	0	0	0	0	0	0	0	0	0	0	199	153	0	0	0	0	0	0	0	0	0	0	0	0	0	0	0	0	0	0	0	0	0	0	0	0	0	0	0	0	0	0	0	0	0	0	0	0	0	0	0	0	0	0	0	0
g__Atopobium	0	0	0	0	0	0	0	0	0	0	0	0	520	1121	0	0	0	0	0	0	0	0	0	0	2258	0	0	0	0	0	1352	0	0	0	0	1424	0	0	0	0	0	0	0	0	0	0	0	1203	0	0	0	0	0	0	0	0	0	0	0	0	0	0
g__Cryptobacterium	0	0	0	0	0	0	0	0	0	0	0	0	0	0	0	0	0	0	0	0	0	0	0	0	3515	0	0	0	0	0	0	0	0	0	0	0	0	0	0	0	0	0	0	0	0	0	0	0	0	0	0	0	0	0	0	0	0	0	0	0	0	0
g__Olsenella	0	0	0	0	0	0	0	0	0	0	0	0	0	0	0	0	0	0	0	0	0	0	0	0	74325	0	0	0	0	0	0	0	0	0	0	1417	0	0	0	0	0	0	0	0	0	0	0	0	0	0	0	0	0	0	0	0	0	0	0	0	0	0
g__Bacteroidetes_noname	0	0	0	0	0	0	0	0	0	0	0	0	0	0	0	0	0	0	0	0	0	0	0	0	6688	0	0	0	0	0	0	0	0	0	0	0	0	0	0	0	0	0	0	0	0	0	0	0	0	0	0	0	0	0	0	0	0	0	0	0	0	0
g__Bacteroides	607	0	0	0	0	0	0	0	0	0	0	0	3723	0	0	0	0	0	0	0	0	0	0	0	0	0	0	1408	0	0	0	0	0	0	0	0	0	0	0	0	0	0	0	0	0	0	0	0	0	0	0	0	0	0	0	0	0	9133	0	0	0	0
g__Barnesiella	0	0	0	0	0	0	0	0	0	0	0	0	0	0	0	0	0	0	0	0	0	0	0	0	0	0	0	0	0	0	0	0	0	0	0	0	0	0	0	0	0	0	0	0	0	0	0	0	0	0	0	0	0	0	0	0	0	0	0	0	0	0
g__Parabacteroides	0	0	0	0	0	0	0	0	0	0	0	0	0	0	0	0	0	0	0	0	0	0	0	0	0	0	0	0	0	0	0	0	0	0	0	0	0	0	0	0	0	0	0	0	0	0	0	0	0	0	0	0	0	0	0	0	0	0	0	0	0	0
g__Porphyromonas	0	0	0	0	0	0	0	0	0	0	0	17211	0	0	0	0	0	0	364	3220	0	36063	0	0	4863	0	0	0	0	0	35	0	0	0	0	0	0	0	0	0	0	0	0	0	0	0	0	0	0	0	0	0	0	0	0	0	0	0	0	0	0	0
g__Alloprevotella	0	0	0	0	0	0	0	0	0	0	0	0	0	0	0	0	0	0	0	0	0	0	0	0	7402	0	0	0	0	0	385	0	0	0	0	362	0	0	0	0	0	0	0	0	0	0	0	0	0	0	0	0	0	0	0	0	0	0	0	0	0	0
g__Prevotella	0	0	0	0	0	0	0	0	0	0	0	0	9116	0	0	0	2842	0	0	0	0	62998	0	0	92773	0	0	0	0	0	6407	2661	0	0	0	4522	0	0	0	0	0	0	0	0	0	0	0	21071	0	0	0	0	0	0	0	0	0	0	0	0	0	0
g__Alistipes	0	0	0	0	0	0	0	0	0	0	0	0	0	0	0	0	0	0	0	0	0	0	0	0	0	0	0	0	0	0	369	0	0	0	0	0	0	0	0	0	0	0	0	0	0	0	0	0	0	0	0	0	0	0	0	0	0	2056	0	0	0	0
g__Capnocytophaga	0	0	0	0	0	0	0	0	0	0	0	0	0	0	0	0	0	0	0	0	0	2842	0	0	7767	0	0	0	0	0	3988	0	0	0	0	757	0	0	0	0	0	0	0	0	0	0	0	5038	0	0	0	0	0	0	0	0	0	0	0	0	0	0
g__Chryseobacterium	0	0	0	0	0	0	0	0	0	0	0	0	0	0	0	0	0	0	0	0	0	0	0	0	0	46	0	0	0	0	0	0	0	0	0	0	0	0	0	0	0	0	0	0	0	0	0	0	0	0	0	0	0	0	0	0	0	0	0	0	0	0
g__Candidatus_Saccharibacteria_noname	0	0	0	0	0	0	0	0	0	0	0	0	0	0	0	0	0	0	0	0	0	0	0	0	2737	0	0	0	0	0	369	0	0	0	0	0	0	0	0	0	0	0	0	0	0	0	0	0	0	0	0	0	0	0	0	0	0	0	0	0	0	0
g__Candidatus_Saccharibacteria_noname_unclassified	0	0	0	0	0	0	0	0	0	0	0	0	0	0	0	0	0	0	0	0	0	0	0	0	0	0	0	0	0	0	166	0	0	0	0	126	0	0	0	0	0	0	0	0	0	0	0	0	0	0	0	0	0	0	0	0	0	0	0	0	0	0
g__Microcoleus	0	0	0	0	0	0	0	0	0	0	0	0	0	0	1790	0	0	0	0	0	0	0	0	0	0	0	0	0	0	0	0	0	0	0	0	0	0	0	0	0	0	0	0	0	0	0	0	0	0	0	0	0	0	0	0	0	0	0	0	0	0	0
g__Deinococcus	0	0	0	0	526	0	0	0	0	0	0	0	1052	0	0	0	0	0	0	0	0	0	0	0	0	0	0	0	0	0	0	0	0	0	0	0	0	0	0	0	0	0	0	0	0	0	0	0	0	0	0	0	0	0	0	0	0	0	0	0	0	0
g__Thermus	0	0	0	0	0	0	0	0	0	0	0	0	0	0	0	0	0	0	0	0	0	0	0	0	0	0	0	0	241	0	0	0	0	0	0	0	0	0	0	0	0	0	0	0	0	0	0	0	0	0	0	0	0	0	0	0	0	0	0	0	0	0
g__Gemella	0	0	0	0	0	0	0	0	0	0	0	0	0	0	0	0	0	0	0	0	0	0	0	0	0	0	0	0	0	0	0	0	0	0	0	256	0	0	0	0	0	0	0	0	0	0	0	0	0	0	0	0	0	0	0	0	0	0	0	0	0	0
g__Staphylococcus	0	0	0	0	0	0	0	26880	0	0	0	0	7871	0	273	0	11324	0	1972	39022	0	0	0	16848	2183	46667	0	0	1883	8791	9916	0	0	0	0	0	0	0	0	0	0	0	0	0	0	0	0	0	0	0	0	0	0	0	0	0	0	0	0	0	0	0
g__Abiotrophia	0	0	0	0	0	0	0	0	0	0	0	0	0	0	0	0	0	0	0	0	0	0	0	0	11000	0	0	0	0	0	0	0	0	0	0	0	0	0	0	0	0	0	0	0	0	0	647	0	0	0	0	0	0	0	0	0	0	0	0	0	0	0
g__Granulicatella	0	0	0	0	0	0	0	0	0	240	0	2049	0	19686	0	0	0	0	0	0	0	0	0	0	1434	0	0	0	0	0	0	0	0	0	0	1202	0	0	0	0	0	0	0	0	0	0	33	3510	0	0	0	0	0	0	0	0	0	0	0	0	0	0
g__Enterococcus	0	0	0	0	0	0	0	0	0	0	0	0	0	0	0	0	0	0	0	0	0	8046	0	29556	159195	0	1490	320	0	0	680	0	2325	0	597	0	0	0	0	0	0	196	88	0	0	0	0	0	0	0	0	0	0	0	0	0	0	0	0	0	0	0
g__Lactobacillus	0	0	42	0	1150	0	0	0	0	0	0	0	515	0	0	0	820	0	0	0	0	0	0	16057	21293	723	0	0	0	0	17961	0	0	0	0	0	0	0	0	0	0	0	0	0	0	0	0	1919	0	0	0	0	0	0	0	0	0	0	0	0	0	0
g__Leuconostoc	0	0	0	0	0	0	0	0	0	0	0	0	0	0	0	0	0	0	0	0	0	0	0	0	0	0	0	0	0	0	0	0	0	0	0	0	0	0	0	0	0	0	0	0	0	0	0	0	0	0	0	0	0	0	0	0	0	0	0	0	0	0
g__Lactococcus	0	0	0	0	0	0	0	0	0	0	0	0	0	0	0	0	0	0	0	0	0	0	0	787	0	0	0	0	0	0	0	0	0	0	0	0	0	0	0	0	0	0	0	0	0	0	0	0	0	0	0	0	0	0	0	0	0	0	0	0	0	0
g__Streptococcus	0	0	0	0	0	0	0	0	0	257	0	11667	0	21482	0	0	3373	3385	12175	0	0	99	0	0	4296	218666	0	0	0	0	8487	2253	0	0	0	988	0	0	0	0	0	0	0	0	0	0	0	5130	0	0	0	0	0	0	0	0	0	0	0	0	0	0
g__Clostridiales_Family_XIII_Incertae_Sedis_noname	0	0	0	0	0	0	0	0	0	0	0	0	0	0	0	0	0	0	0	0	0	0	0	0	1847	0	0	0	0	0	0	0	0	0	0	0	0	0	0	0	0	0	0	0	0	0	0	0	0	0	0	0	0	0	0	0	0	0	0	0	0	0
g__Clostridiales_Family_XIII_Incertae_Sedis_unclassified	0	0	0	0	0	0	0	0	0	0	0	0	0	0	0	0	0	356	0	0	0	0	0	0	6218	0	0	0	0	0	0	0	0	0	0	375	0	0	0	0	0	0	0	0	0	0	0	118	0	0	0	0	0	0	0	0	0	0	0	0	0	0
g__Parvimonas	0	0	0	0	0	0	0	0	0	0	0	0	0	0	0	0	0	0	0	0	0	0	0	0	14	0	0	0	0	0	1901	0	0	0	0	1368	0	0	0	0	0	0	0	0	0	0	0	0	0	0	0	0	0	0	0	0	0	0	0	0	0	0
g__Eubacterium	0	0	0	0	0	0	0	0	0	0	0	0	0	0	0	0	0	0	0	0	0	0	0	0	0	0	0	0	0	0	0	0	0	0	0	0	0	0	0	0	0	0	0	0	0	0	0	0	0	0	0	0	0	0	0	0	0	1943	0	0	0	0
g__Pseudoramibacter	0	0	0	0	0	0	0	0	0	0	0	0	0	0	0	0	0	0	0	0	0	0	0	0	6110	0	0	0	0	0	0	0	0	0	0	0	0	0	0	0	0	0	0	0	0	0	0	0	0	0	0	0	0	0	0	0	0	0	0	0	0	0
g__Blautia	0	0	0	0	0	0	0	0	0	0	0	0	0	0	0	0	0	0	0	0	0	0	0	0	0	0	0	0	0	0	0	0	1225	0	0	0	0	0	0	0	0	0	0	0	0	0	0	0	0	0	0	0	0	0	0	0	0	3341	0	0	0	0
g__Lachnoanaerobaculum	0	0	0	0	0	0	0	0	0	0	0	0	0	0	0	0	0	0	0	0	0	0	0	0	2896	0	0	0	0	0	1032	0	0	0	0	0	0	0	0	0	0	0	0	0	0	0	0	0	0	0	0	0	0	0	0	0	0	0	0	0	0	0
g__Lachnospiraceae_noname	0	0	0	0	0	0	0	0	0	0	0	0	0	0	0	0	0	0	0	0	0	0	0	0	0	0	0	0	0	0	0	0	0	0	0	0	0	0	0	0	0	0	0	0	0	0	0	0	0	0	0	0	0	0	0	0	0	59	0	0	0	0
g__Oribacterium	0	0	0	0	0	0	0	0	0	0	0	0	0	0	0	0	0	0	0	0	0	0	0	0	7053	0	0	0	0	0	0	0	0	0	0	0	0	0	0	0	0	0	0	0	0	0	0	0	0	0	0	0	0	0	0	0	0	0	0	0	0	0
g__Shuttleworthia	0	0	0	0	0	0	0	0	0	0	0	0	0	0	0	0	0	0	0	0	0	0	0	0	351	0	0	0	0	0	232	0	0	0	0	2309	0	0	0	0	0	0	0	0	0	0	0	0	0	0	0	0	0	0	0	0	0	0	0	0	0	0
g__Stomatobaculum	0	0	0	0	0	0	0	0	0	0	0	0	0	0	0	0	0	0	0	0	0	0	0	0	0	0	0	0	0	0	3194	0	0	0	0	0	0	0	0	0	0	0	0	0	0	0	0	923	0	0	0	0	0	0	0	0	0	0	0	0	0	0
g__Peptostreptococcus	0	0	0	0	0	0	0	0	0	0	0	0	0	0	0	0	0	0	0	0	0	0	0	0	409	0	0	0	0	0	0	0	0	0	0	413	0	0	0	0	0	0	0	0	0	0	0	0	0	0	0	0	0	0	0	0	0	0	0	0	0	0
g__Faecalibacterium	0	0	0	0	0	0	0	0	0	0	0	0	1778	0	0	0	0	0	0	0	0	0	0	0	0	0	0	0	0	0	0	0	0	0	0	0	0	0	0	0	0	0	0	0	0	0	0	0	0	0	0	0	0	0	0	0	0	0	0	0	0	0
g__Ruminococcus	0	0	0	0	0	0	0	0	0	0	0	0	0	0	0	0	0	0	0	0	0	0	0	0	0	0	0	0	0	0	0	0	0	0	0	0	0	0	0	0	0	0	0	0	0	0	0	0	0	0	0	0	0	0	0	0	0	337	0	0	0	0
g__Subdoligranulum	373	0	0	0	373	0	0	0	0	0	0	0	1120	0	0	0	0	0	0	0	0	0	0	0	0	0	0	0	0	0	0	0	1493	0	0	0	0	373	0	0	0	0	0	0	0	0	0	0	0	0	0	0	0	0	0	0	0	0	0	0	0	0
g__Solobacterium	0	0	0	0	0	0	0	0	0	0	0	0	0	0	0	0	0	0	0	0	0	0	0	0	468	0	0	0	0	0	203	0	0	0	0	749	0	0	0	0	0	0	0	0	0	0	0	0	0	0	0	0	0	0	0	0	0	0	0	0	0	0
g__Anaeroglobus	0	0	0	0	0	0	0	0	0	0	0	0	0	0	0	0	0	0	0	0	0	0	0	0	38169	0	0	0	0	0	0	0	0	0	0	0	0	0	0	0	0	0	0	0	0	0	0	0	0	0	0	0	0	0	0	0	0	0	0	0	0	0
g__Centipeda	0	0	0	0	0	0	0	0	0	0	0	0	0	0	0	0	0	0	0	0	0	0	0	0	25	0	0	0	0	0	0	0	0	0	0	0	0	0	0	0	0	0	0	0	0	0	0	0	0	0	0	0	0	0	0	0	0	0	0	0	0	0
g__Dialister	0	0	0	0	0	0	0	0	0	0	0	0	0	0	0	0	0	0	0	0	0	0	0	0	9141	0	0	0	0	0	1935	0	0	0	0	5307	0	0	0	0	0	0	0	0	0	0	0	0	0	0	0	0	0	0	0	0	0	0	0	0	0	0
g__Megasphaera	0	0	0	0	0	0	0	0	0	0	0	0	0	0	0	0	0	0	0	0	0	0	0	0	1729	0	0	0	0	0	0	59	0	0	0	0	0	0	0	0	0	0	0	0	0	0	0	8660	0	0	0	0	0	0	0	0	0	0	0	0	0	0
g__Mitsuokella	0	0	0	0	0	0	0	0	0	0	0	0	0	0	0	0	0	0	0	0	0	0	0	0	0	0	0	0	0	0	0	0	0	0	0	0	0	0	0	0	0	0	0	0	0	0	0	0	0	0	0	0	0	0	0	0	0	0	0	0	0	1007
g__Selenomonas	0	0	0	0	0	0	0	0	0	0	0	0	0	0	0	0	0	0	0	0	0	0	0	0	11253	0	0	0	0	0	135	0	0	0	0	0	0	0	0	0	0	0	0	0	0	0	0	0	0	0	0	0	0	0	0	0	0	0	0	0	0	0
g__Veillonella	0	0	0	0	0	0	0	0	0	5964	0	832	0	1072	0	0	14336	3785	0	0	0	0	0	0	18146	32579	0	0	0	0	43653	3661	0	0	0	2235	0	0	0	0	0	0	0	2293	0	0	448	31062	0	0	0	0	0	0	0	0	0	0	0	0	0	0
g__Fusobacterium	0	0	0	0	0	0	0	0	0	0	0	0	0	0	0	0	0	0	2070	0	0	0	0	0	10467	0	0	0	0	0	2058	0	0	0	0	514	0	0	0	0	0	0	0	0	0	0	0	0	0	0	0	0	0	0	0	0	0	0	0	0	0	0
g__Leptotrichia	0	0	0	0	0	0	0	0	0	0	0	0	0	0	0	0	1184	0	0	0	0	0	0	0	51214	0	0	0	0	0	4692	0	0	0	0	186	0	0	0	0	0	0	0	0	0	0	0	0	0	0	0	0	0	0	0	0	0	0	0	0	0	0
g__Leptotrichiaceae_unclassified	0	0	0	0	0	0	0	0	0	0	0	0	0	0	0	0	385	0	0	0	0	0	0	0	10922	0	0	0	0	0	2671	0	0	0	0	918	0	0	0	0	0	0	0	0	0	0	0	0	0	0	0	0	0	0	0	0	0	0	0	0	0	0
g__Rhodopseudomonas	0	0	0	0	0	0	0	0	0	0	0	0	2451	0	0	0	0	0	0	0	0	0	0	0	0	0	0	0	0	0	0	0	0	0	0	0	0	0	0	0	0	0	0	0	0	0	0	0	0	0	0	0	0	0	0	0	0	0	0	0	0	0
g__Hyphomicrobiaceae_unclassified	0	0	0	0	0	0	1083	0	0	0	0	0	0	0	0	0	0	0	0	0	0	0	0	0	0	0	0	0	0	0	0	0	0	0	0	0	0	0	0	0	0	0	0	0	0	0	0	0	0	0	0	0	0	0	0	0	0	0	0	0	0	0
g__Agrobacterium	0	0	0	0	0	0	0	0	0	934	0	0	4267	0	0	0	0	0	0	0	0	0	0	0	0	0	0	0	0	0	0	0	0	0	0	0	0	0	0	0	0	0	0	0	0	0	0	0	0	0	0	0	0	0	0	0	0	0	0	0	0	0
g__Rickettsia	0	0	0	0	174	0	0	0	0	0	0	0	0	0	0	0	0	0	0	0	0	0	0	0	0	0	0	0	0	0	0	0	0	0	0	0	0	0	0	0	0	0	0	0	0	0	0	0	0	0	0	0	0	0	0	0	0	0	0	0	0	0
g__Achromobacter	0	0	0	0	0	0	0	0	0	0	0	0	0	0	0	0	0	0	0	0	0	7740	0	0	0	0	0	0	0	0	6068	0	0	0	0	0	0	0	0	0	0	0	0	0	0	0	0	0	0	0	0	0	0	0	0	0	0	0	0	0	0	0
g__Cupriavidus	0	0	1015	0	0	0	5078	0	0	0	0	2004	19906	0	2062	0	0	0	0	0	0	0	0	0	0	0	0	0	0	0	0	0	0	0	0	0	0	0	0	0	0	0	0	0	0	0	0	0	0	0	0	0	0	0	0	0	0	0	0	0	0	0
g__Lautropia	0	0	0	0	0	0	0	0	0	92	0	0	0	0	1496	0	0	0	0	0	0	0	0	0	65390	0	0	0	63715	0	0	0	0	0	0	0	0	0	0	0	0	0	0	0	0	0	9121	0	0	0	0	0	0	0	0	0	0	0	0	0	0	0
g__Thiomonas	0	0	0	0	0	0	0	0	0	0	0	0	0	0	0	0	0	0	0	0	0	0	0	0	0	1252	0	0	0	0	0	0	0	0	0	0	0	0	0	0	0	0	0	0	0	0	0	0	0	0	0	0	0	0	0	0	0	0	0	0	0	0
g__Alicycliphilus	0	0	0	0	0	0	0	0	0	0	0	0	1862	0	0	0	0	0	0	0	0	0	0	0	0	0	0	0	0	0	0	0	0	0	0	0	0	0	0	0	0	0	0	0	0	0	0	0	0	0	0	0	0	0	0	0	0	0	0	0	0	0
g__Comamonas	0	0	0	0	0	899	0	0	0	0	0	0	0	0	0	0	0	0	0	0	0	0	0	0	0	0	0	0	0	0	0	0	0	0	0	0	0	0	0	0	0	0	0	0	0	0	0	0	0	0	0	0	0	0	0	0	0	0	0	0	0	0
g__Massilia	0	0	0	0	0	0	0	0	0	0	0	0	916	0	0	0	0	0	0	0	0	0	0	0	0	0	0	0	0	0	0	0	0	0	0	0	0	0	0	0	0	0	0	0	0	0	0	0	0	0	0	0	0	0	0	0	0	0	0	0	0	0
g__Eikenella	0	0	0	0	0	0	0	0	0	0	0	0	0	0	0	0	0	0	0	0	0	939	0	0	0	0	0	0	0	0	3148	0	0	0	0	0	0	0	0	0	0	0	0	0	0	0	0	0	0	0	0	0	0	0	0	0	0	0	0	0	0	0
g__Neisseria	0	0	0	0	0	0	0	0	0	0	0	0	0	0	0	0	0	0	0	0	0	0	0	0	3821	0	0	0	0	0	1544	0	0	0	0	20324	0	0	0	0	0	0	0	0	0	0	0	0	0	0	0	0	0	0	0	0	0	0	0	0	0	0
g__Methyloversatilis	0	0	0	0	0	0	0	0	0	0	0	0	988	0	0	0	0	0	0	0	0	0	0	0	0	0	0	0	0	0	0	0	0	0	0	0	0	0	0	0	0	0	0	0	0	0	0	0	0	0	0	0	0	0	0	0	0	0	0	0	0	0
g__Campylobacter	0	0	0	0	0	0	0	0	0	0	0	0	0	0	0	0	0	0	0	0	0	0	0	0	5622	0	0	0	0	0	66	0	0	0	0	1019	0	0	0	0	0	0	0	0	0	0	0	1062	0	0	0	0	0	0	0	0	0	0	0	0	0	0
g__Cardiobacteriaceae_unclassified	0	0	0	0	0	0	0	0	0	0	0	0	0	0	0	0	0	0	0	0	0	0	0	0	10216	0	0	0	0	0	0	0	0	0	0	0	0	0	0	0	0	0	0	0	0	0	0	0	0	0	0	0	0	0	0	0	0	0	0	0	0	0
g__Cardiobacterium	0	0	0	0	0	0	0	0	0	0	0	0	0	0	0	0	0	0	0	0	0	0	0	0	9899	0	0	0	0	0	0	0	0	0	0	0	0	0	0	0	0	0	0	0	0	0	0	0	0	0	0	0	0	0	0	0	0	0	0	0	0	0
g__Enterobacter	0	0	0	0	0	0	0	0	0	0	0	0	0	0	25530	0	0	0	0	0	0	0	0	0	0	0	35695	0	0	0	0	0	0	0	0	0	0	0	0	0	0	0	0	0	0	0	0	0	0	0	0	0	0	0	0	0	0	0	0	0	0	0
g__Escherichia	0	1272	2544	1272	6995	4452	6995	0	1908	4452	18442	841	30525	0	6359	0	3816	3180	0	0	1272	1272	0	68680	0	0	37520	0	0	0	0	0	636	0	0	0	0	0	0	0	1908	0	636	0	0	0	2544	0	0	0	0	0	0	1272	1272	0	2544	0	0	0	3816	0
g__Klebsiella	0	0	0	0	0	0	0	0	0	0	0	17741	0	0	2750441	0	0	0	0	0	0	4698	0	5493	0	0	0	0	0	0	636939	0	0	0	130552	0	3854	0	0	0	0	0	0	7962	0	0	0	3360	0	0	0	0	0	0	0	0	0	0	0	0	0	0
g__Proteus	0	0	0	0	0	0	0	0	0	0	0	0	0	0	0	0	0	0	0	0	0	1425	0	0	0	0	0	0	0	0	0	0	0	0	0	0	0	0	0	0	0	0	0	0	0	0	0	0	0	0	0	0	0	0	0	0	0	0	0	0	0	0
g__Serratia	0	0	0	0	1405	0	0	0	0	0	0	0	0	0	0	0	0	0	0	0	0	0	0	0	0	0	0	0	0	0	0	0	0	0	0	0	0	0	0	0	0	0	0	0	0	0	0	0	0	0	0	0	0	0	0	0	0	0	0	0	0	0
g__Halomonas	0	0	0	0	0	0	0	0	0	0	0	0	3937	0	0	0	0	0	0	0	0	0	0	0	0	0	0	0	0	0	0	0	0	0	0	0	0	0	0	0	0	0	0	0	0	0	0	0	0	0	0	0	0	0	0	0	0	0	0	0	0	0
g__Aggregatibacter	0	0	0	0	0	0	0	0	0	0	0	0	0	0	0	0	0	0	0	0	0	0	0	0	0	0	0	0	0	0	239	0	0	0	0	0	0	0	0	0	0	0	0	0	0	0	0	0	0	0	0	0	0	0	0	0	0	0	0	0	0	0
g__Haemophilus	0	0	0	0	0	0	0	0	0	0	0	0	0	0	0	43	0	0	0	0	0	0	0	0	0	0	0	0	2111	0	0	0	0	0	0	167637	0	1264	0	0	0	0	0	19231	0	0	0	0	0	0	0	0	0	0	0	0	0	0	0	0	0	0
g__Acinetobacter	0	0	461	8114	1903	547	1401	0	0	4246	0	67215	22003	0	2582	0	0	0	0	0	0	0	0	0	0	1236	0	0	0	0	0	0	1438494	0	479513	610300	19543	0	0	0	0	0	0	25977	0	132751	0	0	0	0	0	0	0	0	0	0	0	0	0	0	0	0
g__Enhydrobacter	0	0	226	0	1384	0	1077	0	0	2785	0	0	16323	0	1273	0	0	0	0	0	0	0	0	0	0	0	0	0	0	0	0	0	0	0	0	0	0	0	0	0	0	0	0	0	0	0	0	0	0	0	0	0	0	0	0	0	0	0	0	0	0	0
g__Pseudomonas	0	0	5940	0	0	2970	5940	0	0	11881	0	97854	20792	0	0	0	20792	0	0	0	0	4203017	0	0	0	5940	5940	0	0	0	0	0	0	0	0	0	0	0	7362	0	11881	0	2970	0	0	0	0	4940	0	0	0	0	0	0	0	0	0	0	0	0	0	0
g__Vibrio	0	0	0	0	0	0	0	0	0	0	0	0	0	0	0	0	0	0	0	0	0	0	0	0	0	0	814	0	0	0	0	0	0	0	0	0	0	0	0	0	0	0	0	0	0	0	0	0	0	0	0	0	0	0	0	0	0	0	0	0	0	0
g__Stenotrophomonas	0	0	0	0	0	0	0	0	0	15439	0	0	0	0	0	0	852	0	915347	0	0	539350	0	0	0	0	0	0	430128	0	2534	0	82418	0	0	0	0	0	0	0	0	0	0	0	0	0	0	1218	0	0	0	0	0	0	0	0	0	0	0	0	0	0
g__Treponema	0	0	0	0	0	0	0	0	0	0	0	0	0	0	0	0	0	0	0	0	0	0	0	0	14993	0	0	0	0	0	0	0	0	0	0	988	0	0	0	0	0	0	0	0	0	0	0	0	0	0	0	0	0	0	0	0	0	0	0	0	0	0
g__Fretibacterium	0	0	0	0	0	0	0	0	0	0	0	0	0	0	0	0	0	0	0	0	0	0	0	0	744	0	0	0	0	0	0	0	0	0	0	0	0	0	0	0	0	0	0	0	0	0	0	0	0	0	0	0	0	0	0	0	0	0	0	0	0	0
g__Pyramidobacter	0	0	0	0	0	0	0	0	0	0	0	0	0	0	0	0	0	0	0	4009	0	0	0	0	5246	0	0	0	0	0	0	0	0	0	0	0	0	0	0	0	0	0	0	0	0	0	0	0	0	0	0	0	0	0	0	0	0	0	0	0	0	0
g__Mycoplasma	0	0	0	0	0	0	0	0	0	0	0	0	106	0	0	0	0	0	0	0	0	0	79	0	0	0	0	0	0	0	0	0	0	0	0	0	0	0	0	0	0	0	0	0	0	0	0	0	0	0	0	0	0	0	0	0	0	0	0	0	0	0
