GZ01	GZ02	GZ03	GZ04	GZ05	GZ06	GZ07	GZ08	GZ09	GZ10	GZ11	GZ12	GZ13	GZ14	GZ15	BJ01	BJ02	BJ03	BJ04	BJ05	BJ06	BJ07	BJ08	BJ09	BJ10	BJ11	BJ12	BJ13	BJ14	BJ15	BJ16	BJ17	BJ18	BJ19	BJ20	BJ21	BJ22	BJ23	BJ24	BJ25	BJ26	BJ27	BJ28	BJ29	BJ30	BJ31	BJ32	BJ33	GZ16	GZ17	GZ18	GZ19	GZ20	GZ21	GZ22	GZ23	GZ24	GZ25	GZ26	GZ27	GZ28	GZ29
g__Actinomyces	0	0	0	0	0	0	0	0	0	0	0	611	0	0	0	0	229355	0	0	0	0	15266	0	0	42059	20824	0	0	0	0	41122	522	0	0	0	0	0	0	0	0	0	0	0	0	0	0	0	0	0	0	0	0	0	0	0	0	0	0	0	0	0	0
g__Corynebacterium	0	0	0	0	0	0	3713	0	0	0	0	93405	0	0	0	0	0	41	1470	3675	0	48618	0	513623	4059	312	0	0	0	0	26253	0	29529	0	0	0	0	0	47084	0	0	0	0	0	0	2106	0	0	0	0	0	0	0	0	0	0	0	0	0	0	0	0
g__Rothia	0	0	0	0	0	0	0	0	0	4057	0	0	0	904	0	0	4837	0	0	0	0	0	0	0	380405	90671	0	0	0	0	7235	528	0	0	0	32999	0	0	0	0	0	0	0	2536	0	0	0	76187	0	0	0	0	0	0	0	0	0	0	0	0	0	0
g__Mycobacterium	0	0	0	0	0	0	0	0	0	0	0	0	0	0	0	0	0	0	0	0	0	0	0	0	0	0	0	0	0	0	0	0	0	0	0	0	0	0	0	0	0	0	0	0	0	0	0	0	0	970	0	0	0	489	0	0	1573	0	0	2609	1010	0
g__Propionibacteriaceae_unclassified	0	0	1533	0	30421	2751	16799	3609	1528	0	4590	0	1685	12926	0	0	0	0	1844	0	0	0	3456	0	0	0	1844	0	0	0	0	0	0	0	0	0	0	3689	9222	0	6647	0	825	12009	931	0	0	1439	0	0	0	0	0	0	1844	0	1844	1844	0	0	1399	0
g__Propionibacterium	0	0	240	0	7104	2850	10489	61	953	3611	726	11254	2961	1407	267	0	0	0	0	0	0	3149	179	0	2352	15540	0	0	17734	0	0	0	0	0	0	0	0	0	0	0	26104	3275	2203	4241	4960	0	0	1731	0	0	0	0	0	0	0	0	0	0	0	0	3180	0
g__Bifidobacterium	0	0	253	177	0	0	0	0	0	0	0	0	24136	0	0	0	0	0	0	0	0	6685	0	0	36245	0	0	0	0	0	14161	0	0	0	0	0	0	0	0	0	0	0	0	0	0	0	0	262	0	0	0	0	0	0	0	0	0	0	0	0	0	0
g__Gardnerella	0	0	0	0	0	0	0	0	0	0	0	0	0	0	0	0	0	0	0	0	0	0	0	0	0	0	0	0	0	0	0	0	0	0	0	0	0	0	0	0	0	0	0	0	21	0	0	0	0	0	0	0	0	0	0	0	0	0	0	0	0	0
g__Parascardovia	0	0	0	0	0	0	0	0	0	0	0	0	0	0	0	0	0	0	0	0	0	0	0	0	430	0	0	0	0	0	0	0	0	0	0	0	0	0	0	0	0	0	0	0	0	0	0	0	0	0	0	0	0	0	0	0	0	0	0	0	0	0
g__Scardovia	0	0	0	0	0	0	0	0	0	0	0	0	0	0	0	0	861	69	0	0	0	0	0	0	0	0	0	0	0	0	334	0	0	0	0	0	0	0	0	0	0	0	0	0	0	0	0	0	0	0	0	0	0	0	0	0	0	0	0	0	0	0
g__Atopobium	0	0	0	0	0	0	0	0	0	0	0	0	0	0	0	0	0	0	0	0	0	0	0	0	1265	0	0	0	0	0	2609	0	0	0	0	0	0	0	0	0	0	0	0	0	0	0	0	639	0	0	0	0	0	0	0	0	0	0	0	0	0	0
g__Collinsella	0	0	0	0	0	0	0	0	0	0	0	0	0	0	0	0	0	0	0	0	0	0	0	0	0	0	0	0	0	0	0	0	0	0	0	0	0	0	0	0	0	0	0	0	0	0	0	0	73	0	0	0	0	0	0	0	0	0	0	0	0	0
g__Cryptobacterium	0	0	0	0	0	0	0	0	0	0	0	0	0	0	0	0	0	0	0	0	0	0	0	0	1893	0	0	0	0	0	0	0	0	0	0	0	0	0	0	0	0	0	0	0	0	0	0	0	0	0	0	0	0	0	0	0	0	0	0	0	0	0
g__Olsenella	0	0	0	0	0	0	0	0	0	0	0	0	0	0	0	0	0	0	0	0	0	0	0	0	59401	0	0	0	0	0	32	0	0	0	0	0	0	0	0	0	0	0	0	0	0	0	0	0	0	0	0	0	0	0	0	0	0	0	0	0	0	0
g__Bacteroidetes_noname	0	0	0	0	0	0	0	0	0	0	0	0	0	0	0	0	0	0	0	0	0	0	0	0	3088	0	0	0	0	0	0	0	0	0	0	0	0	0	0	0	0	0	0	0	0	0	36	0	0	0	0	0	0	0	0	0	0	0	0	0	0	0
g__Bacteroides	0	0	2279	861	2173	0	0	2312	0	0	0	0	112057	0	2576	0	0	0	0	0	0	18598	10133	0	0	0	0	0	0	0	0	0	0	0	0	0	0	0	0	0	0	0	0	0	0	0	0	209	1217	0	0	0	0	0	0	0	0	0	0	0	0	0
g__Barnesiella	0	0	0	0	0	0	0	0	0	0	0	0	0	0	0	0	0	0	0	0	0	0	99	0	0	0	0	0	0	0	0	0	0	0	0	0	0	0	0	0	0	0	0	0	0	0	0	0	0	0	0	0	0	0	0	0	0	0	0	0	0	0
g__Parabacteroides	0	0	0	0	0	0	0	0	0	0	0	0	42460	0	0	0	0	0	0	0	0	0	266	0	0	0	0	0	0	0	0	0	0	0	0	0	0	0	0	0	0	0	0	0	0	0	0	243	0	0	0	0	0	0	0	0	0	0	0	0	0	0
g__Porphyromonas	0	0	0	0	0	0	0	0	0	0	0	0	0	0	0	0	0	0	0	765	0	18311	0	0	2293	0	0	0	0	0	18	0	0	0	0	0	0	0	0	0	0	0	0	0	0	0	0	0	0	0	0	0	0	0	0	0	0	0	0	0	0	0
g__Alloprevotella	0	0	0	0	0	0	0	0	0	0	0	0	0	0	0	0	0	0	0	0	0	0	0	0	4670	0	0	0	0	0	0	0	0	0	0	0	0	0	0	0	0	0	0	0	0	0	0	0	0	0	0	0	0	0	0	0	0	0	0	0	0	0
g__Prevotella	0	0	0	0	0	4507	2072	0	0	0	0	0	0	995	4357	2770	1892	0	0	0	5716	7365	0	0	107953	0	0	0	311	0	2529	0	0	0	0	811	0	0	0	0	0	0	0	0	0	0	0	1913	6506	0	0	0	0	0	0	0	0	0	0	0	0	0
g__Alistipes	0	0	0	0	444	0	0	0	0	0	0	0	0	0	0	0	0	0	0	0	0	26	2025	0	0	0	0	0	0	0	0	0	0	0	0	0	0	0	0	0	0	0	0	0	0	0	0	0	0	0	0	0	0	0	0	0	0	0	0	0	0	0
g__Capnocytophaga	0	0	0	0	0	0	0	0	0	0	0	0	0	0	0	0	0	0	0	0	0	0	0	0	2751	0	0	0	0	0	757	0	0	0	0	0	0	0	0	0	0	0	0	0	0	0	0	3028	0	0	0	0	0	0	0	0	0	0	0	0	0	0
g__Candidatus_Saccharibacteria_noname	0	0	0	0	0	0	0	0	0	0	0	0	0	0	0	0	0	0	0	0	0	0	0	0	518	0	0	0	0	0	17	0	0	0	0	0	0	0	0	0	0	0	0	0	0	0	0	0	0	0	0	0	0	0	0	0	0	0	0	0	0	0
g__Candidatus_Saccharibacteria_noname_unclassified	0	0	0	0	0	0	0	0	0	0	0	0	0	0	0	0	0	0	0	0	0	0	0	0	108	0	0	0	0	0	523	0	0	0	0	0	0	0	0	0	0	0	0	0	0	0	0	0	0	0	0	0	0	0	0	0	0	0	0	0	0	0
g__Deinococcus	0	0	0	0	0	0	0	0	0	0	0	0	0	0	0	0	0	0	0	0	0	0	0	0	0	0	0	0	0	0	0	0	0	0	0	0	2103	0	0	0	0	0	0	0	0	0	0	0	0	0	0	0	0	0	0	0	0	0	0	0	0	0
g__Thermus	0	0	0	0	0	0	0	0	0	0	0	0	0	0	0	0	0	0	0	0	0	0	0	0	0	0	0	0	128	0	0	0	0	0	0	0	0	0	0	0	0	0	0	0	0	0	0	0	0	0	0	0	0	0	0	0	0	0	0	0	0	0
g__Gemella	0	0	0	0	0	0	0	0	0	0	0	0	0	0	0	0	0	0	0	0	0	0	0	0	0	0	0	0	0	0	0	0	0	0	0	0	81	0	0	0	0	0	0	0	0	0	0	0	0	0	0	0	0	0	0	0	0	0	0	0	0	0
g__Staphylococcus	0	0	0	0	0	0	0	107881	0	0	0	0	64133	0	0	0	0	0	0	18315	0	0	0	6448	0	10096	0	0	1967	0	2137	0	0	0	0	0	0	0	0	0	0	0	0	0	0	0	0	0	0	0	0	0	0	0	0	0	0	0	0	0	55	0
g__Abiotrophia	0	0	0	0	0	0	0	0	0	0	0	0	0	0	0	0	0	0	0	0	0	0	0	0	5300	0	0	0	0	0	0	0	0	0	0	0	0	0	0	0	0	0	0	0	0	0	13035	0	0	0	0	0	0	0	0	0	0	0	0	0	0	0
g__Granulicatella	0	0	0	0	0	0	0	0	0	0	0	0	0	381	0	0	0	0	0	0	0	0	0	0	0	0	0	0	0	0	0	0	0	0	0	0	0	0	0	0	0	0	0	0	0	0	0	2902	0	0	0	0	0	0	0	0	0	0	0	0	0	0
g__Enterococcus	0	0	0	0	0	0	0	0	0	0	0	0	0	0	0	0	0	0	2669	0	0	801	0	6841	55948	0	1323	0	0	0	0	0	4393	0	1324	0	0	0	0	0	0	0	0	0	0	0	0	4331	0	0	0	0	0	0	0	0	0	0	0	0	0	0
g__Lactobacillus	0	0	0	0	0	0	0	0	0	0	0	0	0	0	0	0	1156	0	0	0	0	197	0	35331	14066	2432	0	0	0	0	3299	0	0	0	0	0	0	0	0	0	336	0	0	79	0	0	0	18768	0	0	0	0	0	0	0	0	0	0	0	0	0	0
g__Lactococcus	0	0	0	0	0	0	0	0	0	0	0	0	0	0	0	0	0	0	0	0	0	0	0	309	0	0	0	0	0	0	0	0	0	0	0	0	0	0	0	0	0	0	0	0	0	0	0	0	0	0	0	0	0	0	0	0	0	0	0	0	0	0
g__Streptococcus	0	0	0	0	0	0	0	0	0	0	0	13833	0	988	0	0	1622	0	2084	0	0	0	0	0	687	97898	0	0	0	0	1100	1338	0	0	0	0	0	0	0	0	0	0	0	226	0	0	829	21704	0	0	0	0	0	0	0	0	0	0	0	0	0	0
g__Clostridium	0	0	0	0	0	0	0	0	0	0	0	0	1020	0	0	0	0	0	0	0	0	0	0	0	0	0	0	0	0	0	0	0	0	0	0	0	0	0	0	0	0	0	0	0	0	0	0	2021	0	0	0	0	0	0	0	0	0	0	0	0	0	0
g__Clostridiales_Family_XIII_Incertae_Sedis_noname	0	0	0	0	0	0	0	0	0	0	0	0	0	0	0	0	0	0	0	0	0	0	0	0	641	0	0	0	0	0	0	0	0	0	0	0	0	0	0	0	0	0	0	0	0	0	0	0	0	0	0	0	0	0	0	0	0	0	0	0	0	0
g__Clostridiales_Family_XIII_Incertae_Sedis_unclassified	0	0	0	0	0	0	0	0	0	0	0	0	0	0	0	0	0	0	0	0	0	0	0	0	2238	0	0	0	0	0	118	0	0	0	0	231	0	0	0	0	0	0	0	0	0	0	0	0	0	0	0	0	0	0	0	0	0	0	0	0	0	0
g__Parvimonas	0	0	0	0	0	0	0	0	0	0	0	0	0	0	0	0	0	0	0	0	0	0	0	0	0	0	0	0	0	0	230	0	0	0	0	0	0	0	0	0	0	0	0	0	0	0	0	0	0	0	0	0	0	0	0	0	0	0	0	0	0	0
g__Flavonifractor	0	0	0	0	0	0	0	0	0	0	0	0	585	0	0	0	0	0	0	0	0	0	0	0	0	0	0	0	0	0	0	0	0	0	0	0	0	0	0	0	0	0	0	0	0	0	0	0	0	0	0	0	0	0	0	0	0	0	0	0	0	0
g__Eubacterium	0	0	0	175	0	0	0	0	0	0	0	0	440	0	0	0	0	0	0	0	207	339	1882	0	0	0	0	0	0	0	0	0	0	0	0	0	0	0	0	0	0	0	0	0	0	0	0	0	175	0	0	0	0	0	0	0	0	0	0	0	0	0
g__Pseudoramibacter	0	0	0	0	0	0	0	0	0	0	0	0	0	0	0	0	0	0	0	0	0	0	0	0	5985	0	0	0	0	0	0	0	0	0	0	0	0	0	0	0	0	0	0	0	0	0	0	0	0	0	0	0	0	0	0	0	0	0	0	0	0	0
g__Blautia	0	0	0	1225	0	0	0	0	0	0	0	0	2485	0	0	0	0	0	0	0	0	0	317	0	0	0	0	0	0	0	0	0	0	0	0	0	0	0	0	0	0	0	0	0	0	0	0	0	1225	0	0	0	0	0	0	0	0	0	0	0	0	0
g__Dorea	0	0	0	0	0	0	0	0	0	0	0	0	1441	0	0	0	0	0	0	0	0	0	0	0	0	0	0	0	0	0	0	0	0	0	0	0	0	0	0	0	0	0	0	0	0	0	0	0	189	0	0	0	0	0	0	0	0	0	0	0	0	0
g__Lachnoanaerobaculum	0	0	0	0	0	0	0	0	0	0	0	0	0	0	0	0	0	0	0	0	0	0	0	0	577	0	0	0	0	0	0	0	0	0	0	0	0	0	0	0	0	0	0	0	0	0	0	0	0	0	0	0	0	0	0	0	0	0	0	0	0	0
g__Lachnospiraceae_noname	0	0	0	0	0	0	0	0	0	0	0	0	0	0	0	0	0	0	0	0	0	0	499	0	0	0	0	0	0	0	0	0	0	0	0	0	0	0	0	0	0	0	0	0	0	0	0	0	0	0	0	0	0	0	0	0	0	0	0	0	0	0
g__Oribacterium	0	0	0	0	0	0	0	0	0	0	0	0	0	0	0	0	0	0	0	0	0	0	0	0	10314	0	0	0	0	0	0	0	0	0	0	0	0	0	0	0	0	0	0	0	0	0	0	0	0	0	0	0	0	0	0	0	0	0	0	0	0	0
g__Roseburia	0	0	137	0	246	0	0	0	0	0	0	0	4293	0	0	0	0	0	0	0	0	78	0	0	0	0	0	0	0	0	0	0	0	0	0	0	0	0	0	0	0	0	0	0	0	0	0	0	0	0	0	0	0	0	0	0	0	0	0	0	0	0
g__Shuttleworthia	0	0	0	0	0	0	0	0	0	0	0	0	0	0	0	0	0	287	0	0	0	0	0	0	575	0	0	0	0	0	868	0	0	0	0	692	0	0	0	0	0	0	0	0	0	0	0	0	0	0	0	0	0	0	0	0	0	0	0	0	0	0
g__Stomatobaculum	0	0	0	0	0	0	0	0	0	0	0	0	0	0	0	0	0	0	0	0	0	0	0	0	0	0	0	0	0	0	11284	0	0	0	0	0	0	0	0	0	0	0	0	0	0	0	0	2833	0	0	0	0	0	0	0	0	0	0	0	0	0	0
g__Faecalibacterium	0	0	1545	0	139	0	0	86	0	0	0	0	11782	0	57	0	0	0	0	0	1049	3211	138	0	0	0	0	0	0	0	0	0	0	0	0	0	0	0	0	0	0	0	0	0	0	0	0	8119	0	0	0	0	0	0	0	0	0	0	0	0	0	0
g__Ruminococcus	0	0	0	2649	0	0	0	0	0	0	0	0	4290	0	0	0	0	0	0	0	2641	0	1123	0	0	0	0	0	0	0	0	0	0	0	0	0	0	0	0	0	0	0	0	0	0	0	0	0	0	0	0	0	0	0	0	0	0	0	0	0	0	0
g__Subdoligranulum	0	0	0	0	1493	0	0	0	0	0	0	0	0	0	0	0	0	0	0	747	0	0	2613	0	0	0	0	1493	0	0	0	0	0	0	0	0	0	0	0	0	0	0	373	0	0	0	0	0	2240	0	0	0	0	0	0	0	0	0	0	0	0	0
g__Anaeroglobus	0	0	0	0	0	0	0	0	0	0	0	0	0	0	0	0	0	0	0	0	0	0	0	0	31221	0	0	0	0	0	0	0	0	0	0	0	0	0	0	0	0	0	0	0	0	0	0	0	0	0	0	0	0	0	0	0	0	0	0	0	0	0
g__Centipeda	0	0	0	0	0	0	0	0	0	0	0	0	0	0	0	0	0	0	0	0	0	0	0	0	75	0	0	0	0	0	0	0	0	0	0	0	0	0	0	0	0	0	0	0	0	0	0	0	0	0	0	0	0	0	0	0	0	0	0	0	0	0
g__Dialister	0	0	0	0	0	0	0	0	0	0	0	0	0	0	0	0	0	0	0	0	0	0	0	0	3517	0	0	0	0	0	1052	0	0	0	0	1244	0	0	0	0	0	0	0	0	0	0	0	0	0	0	0	0	0	0	0	0	0	0	0	0	0	0
g__Megamonas	0	0	0	1783	0	0	0	0	0	0	0	0	0	0	0	176	0	0	0	0	0	0	0	0	0	0	0	0	0	0	0	0	0	0	0	0	0	0	0	0	0	0	0	0	0	0	0	0	2899	0	0	0	0	0	0	0	0	0	0	0	0	0
g__Megasphaera	0	0	0	0	0	0	0	0	0	0	0	0	1022	0	0	0	839	0	0	0	0	0	0	0	1729	0	0	0	0	0	651	432	0	0	0	0	0	0	0	0	0	0	0	0	0	0	0	8569	0	0	0	0	0	0	0	0	0	0	0	0	0	0
g__Mitsuokella	0	0	0	0	0	0	0	0	0	0	0	0	0	0	0	0	0	0	0	0	0	0	0	0	503	0	0	0	0	0	2014	0	0	0	0	0	0	0	0	0	0	0	0	0	0	0	0	0	0	0	0	0	0	0	0	0	0	0	0	0	0	0
g__Selenomonas	0	0	0	0	0	0	0	0	0	0	0	0	0	0	0	0	0	0	0	0	0	0	0	0	5480	0	0	0	0	0	689	0	0	0	0	0	0	0	0	0	0	0	0	0	0	0	0	0	0	0	0	0	0	0	0	0	0	0	0	0	0	0
g__Veillonella	0	0	0	0	0	0	0	0	0	0	0	235	0	436	0	0	8248	172	0	0	0	0	0	0	5634	8130	0	0	0	0	12736	847	0	0	0	0	0	0	0	0	0	0	0	46	0	0	360	14913	0	0	0	0	0	0	0	0	0	0	0	0	0	0
g__Fusobacterium	0	0	0	0	0	0	0	0	0	0	0	0	0	0	0	0	0	0	0	0	0	0	0	0	1252	0	0	0	0	0	0	0	0	0	0	0	0	0	0	0	0	0	0	0	0	0	0	0	0	0	0	0	0	0	0	0	0	0	0	0	0	0
g__Leptotrichia	0	0	0	0	0	0	0	0	0	0	0	0	0	0	0	0	0	0	0	0	0	0	0	0	9807	0	0	0	0	0	443	0	0	0	0	0	0	0	0	0	0	0	0	0	0	0	0	0	0	0	0	0	0	0	0	0	0	0	0	0	0	0
g__Leptotrichiaceae_unclassified	0	0	0	0	0	0	0	0	0	0	0	0	0	0	0	0	0	0	0	0	0	0	0	0	6701	0	0	0	0	0	1169	0	0	0	0	0	0	0	0	0	0	0	0	0	0	0	0	0	0	0	0	0	0	0	0	0	0	0	0	0	0	0
g__Brevundimonas	0	0	0	0	0	0	1060	0	0	326	0	1826	0	0	0	0	0	0	0	0	0	0	0	0	0	0	0	0	0	0	0	0	0	0	0	0	0	0	0	0	0	0	0	0	617	0	0	0	0	0	0	0	0	0	0	0	0	0	0	0	0	0
g__Brucella	0	0	0	0	0	0	751	0	0	0	0	0	0	0	0	0	0	0	0	0	0	0	0	0	0	0	0	0	0	0	0	0	0	0	0	0	0	0	0	0	0	0	0	0	0	0	0	0	0	0	0	0	0	0	0	0	0	0	0	0	0	0
g__Agrobacterium	0	0	0	0	0	0	0	0	0	163	0	0	1019	0	0	0	0	0	0	0	0	0	0	0	0	0	0	0	0	0	0	0	0	0	0	0	0	0	0	0	0	0	0	0	0	0	0	0	0	0	0	0	0	0	0	0	0	0	0	0	0	0
g__Loktanella	0	0	0	0	0	0	0	0	0	0	0	0	0	0	0	0	0	0	0	0	0	0	0	0	0	0	0	0	0	0	0	0	0	0	0	0	0	0	0	0	0	0	0	0	0	0	0	0	0	0	0	0	0	0	0	0	0	0	14267	0	0	0
g__Achromobacter	0	0	0	0	0	0	0	0	0	0	0	0	0	0	0	0	0	0	0	0	0	5028	0	0	0	0	0	0	0	0	8217	0	0	0	0	0	0	0	0	0	0	0	0	0	0	0	0	0	0	0	0	0	0	0	0	0	0	0	0	0	0	0
g__Bordetella	0	0	0	0	0	0	0	0	0	0	0	0	0	0	0	0	0	0	0	0	0	0	0	0	0	0	0	0	0	0	3478	0	0	0	0	0	0	0	0	0	0	0	0	0	0	0	0	0	0	0	0	0	0	0	0	0	0	0	0	0	0	0
g__Burkholderia	0	0	0	0	0	0	0	0	0	0	0	0	0	0	0	0	0	0	0	0	0	0	0	0	0	0	0	0	0	0	0	0	0	0	0	0	0	0	18454	0	0	0	0	0	0	3076	0	0	0	0	0	0	0	0	0	0	0	0	0	0	0	0
g__Cupriavidus	0	0	0	0	0	0	0	0	0	0	0	0	0	0	0	0	0	0	0	0	0	0	0	0	0	0	0	0	0	0	0	0	0	0	0	0	0	0	0	0	2040	0	0	0	0	0	0	0	0	0	0	0	0	0	0	0	0	0	0	0	0	0
g__Lautropia	0	0	0	0	0	0	0	0	0	315	0	0	0	0	0	0	998	0	0	0	480	0	0	0	53478	0	0	0	411839	0	0	0	0	0	0	0	0	0	0	0	0	0	0	0	0	0	20791	0	0	0	0	0	0	0	0	0	0	0	0	0	0	0
g__Comamonas	0	0	0	0	0	0	0	0	0	0	0	0	0	0	0	0	0	0	0	0	0	0	0	0	0	0	0	0	0	0	0	0	0	0	0	0	0	0	0	0	1798	0	0	0	0	0	0	0	0	0	0	0	0	0	0	0	0	0	0	0	0	0
g__Massilia	0	0	0	0	0	0	0	0	0	0	0	373	0	0	0	0	0	0	0	0	0	0	0	0	0	0	0	0	0	0	0	0	0	0	0	0	0	0	0	0	0	0	0	0	0	0	0	0	0	0	0	0	0	0	0	0	0	0	0	0	0	0
g__Sutterella	0	0	36	0	0	0	0	0	0	0	0	0	0	0	0	0	0	0	0	0	0	0	0	0	0	0	0	0	0	0	0	0	0	0	0	0	0	0	0	0	0	0	0	0	0	0	0	0	0	0	0	0	0	0	0	0	0	0	0	0	0	0
g__Eikenella	0	0	0	0	0	0	0	0	0	0	0	0	0	0	0	0	0	0	0	0	0	0	0	0	0	0	0	0	0	0	5406	0	0	0	0	0	0	0	0	0	0	0	0	0	0	0	0	0	0	0	0	0	0	0	0	0	0	0	0	0	0	0
g__Neisseria	0	0	0	0	0	0	0	0	0	0	0	0	0	0	0	0	0	425	0	0	0	0	0	0	4731	0	0	0	0	0	568	0	0	0	0	4019	0	0	0	0	0	0	0	0	0	0	0	0	0	0	0	0	0	0	0	0	0	0	0	0	0	0
g__Desulfobulbus	0	0	0	0	0	0	0	0	0	0	0	0	0	0	0	0	0	0	0	0	0	0	0	0	0	0	0	0	0	373	0	0	0	0	0	0	0	0	0	0	0	0	0	0	0	0	0	0	0	0	0	0	0	0	0	0	0	0	0	0	0	0
g__Bilophila	0	0	0	0	0	0	0	0	0	0	0	0	3539	0	0	0	0	0	0	0	0	0	0	0	0	0	0	0	0	0	0	0	0	0	0	0	0	0	0	0	0	0	0	0	0	0	0	0	0	0	0	0	0	0	0	0	0	0	0	0	0	0
g__Campylobacter	0	0	0	0	0	0	0	0	0	0	0	0	0	0	0	0	0	0	0	0	0	0	0	0	1676	0	0	0	0	0	0	0	0	0	0	0	0	0	0	0	0	0	0	0	0	0	0	0	0	0	0	0	0	0	0	0	0	0	0	0	0	0
g__Cardiobacteriaceae_unclassified	0	0	0	0	0	0	0	0	0	0	0	0	0	0	0	0	0	0	0	0	0	0	0	0	4098	0	0	0	0	0	0	0	0	0	0	0	0	0	0	0	0	0	0	0	0	0	0	0	0	0	0	0	0	0	0	0	0	0	0	0	0	0
g__Cardiobacterium	0	0	0	0	0	0	0	0	0	0	0	0	0	0	0	0	0	0	0	0	0	0	0	0	6005	0	0	0	0	0	0	0	0	0	0	0	0	0	0	0	0	0	0	0	0	0	0	0	0	0	0	0	0	0	0	0	0	0	0	0	0	0
g__Enterobacter	0	0	0	0	0	0	0	0	0	0	0	0	0	0	0	0	0	0	0	0	0	0	0	0	0	0	121485	0	0	0	0	0	0	0	0	0	0	0	0	0	0	0	0	0	0	0	0	0	0	0	0	0	0	0	0	0	0	0	0	0	0	0
g__Escherichia	1272	0	5723	0	27212	50238	189507	0	18442	19714	3816	47695	28617	5087	15262	2926	0	0	0	0	2544	3816	13355	69316	5087	1272	7631	2544	2544	0	0	6995	1272	0	0	0	721	0	15898	2544	117647	139904	6995	23529	258823	0	1272	29889	636	12719	381	0	0	0	1272	0	1272	1272	0	6359	277265	0
g__Klebsiella	0	0	0	0	0	0	0	0	0	0	0	18278	0	0	78581	0	0	0	0	0	0	5313	0	22872	0	0	0	0	0	0	1354058	0	0	0	32986	0	0	0	0	0	0	1694	0	0	0	0	0	1744	0	0	0	0	0	0	0	0	0	0	0	0	0	0
g__Proteus	0	0	0	0	0	0	0	0	0	0	0	0	0	0	0	0	0	0	0	0	0	146	0	0	0	0	0	0	0	0	0	0	0	0	0	0	0	0	0	0	0	0	0	0	0	0	0	0	0	0	0	0	0	0	0	0	0	0	0	0	0	0
g__Haemophilus	0	0	0	0	0	0	0	0	0	0	0	0	0	0	0	0	0	0	0	0	0	0	0	0	0	0	0	0	2044	0	0	0	0	0	0	1932	0	0	0	0	0	0	0	8935	0	0	0	0	0	0	0	0	0	0	0	0	0	0	0	0	0	0
g__Acinetobacter	543	0	0	5289	2167	1116	0	0	1135	573	0	22722	0	0	0	0	0	0	0	0	0	0	0	0	0	1557	0	0	0	0	0	0	830483	0	120306	30062	572	0	0	0	11759	1084	0	584	7553	18232	0	1581	0	0	0	0	0	0	0	0	0	0	0	0	0	0
g__Pseudomonas	2970	0	0	0	0	20792	2970	0	5940	0	0	29610	0	2970	0	0	0	0	0	0	8911	1789573	0	0	0	26732	0	5940	0	0	0	0	0	0	0	0	0	0	5940	0	14851	8911	0	15364	65489	0	0	0	0	0	0	0	0	0	0	0	2970	0	0	0	0	0
g__Stenotrophomonas	0	0	0	0	0	0	0	0	0	15799	0	0	0	0	0	0	0	0	603668	0	0	211361	0	0	0	0	0	0	860994	0	7742	0	225196	0	0	0	0	0	460	0	0	0	0	0	0	0	0	0	0	0	0	0	0	0	0	0	0	0	0	0	0	0
g__Treponema	0	0	0	0	0	0	0	0	0	0	0	0	0	0	0	0	0	0	0	0	0	0	0	0	6418	0	0	0	0	0	0	0	0	0	0	0	0	0	0	0	0	0	0	0	0	0	0	0	0	0	0	0	0	0	0	0	0	0	0	0	0	0
g__Fretibacterium	0	0	0	0	0	0	0	0	0	0	0	0	0	0	0	0	0	0	0	0	0	0	0	0	770	0	0	0	0	0	0	0	0	0	0	0	0	0	0	0	0	0	0	0	0	0	0	0	0	0	0	0	0	0	0	0	0	0	0	0	0	0
g__Pyramidobacter	0	0	0	0	0	0	0	0	0	0	0	0	0	0	0	0	0	0	0	840	0	0	0	0	2775	0	0	0	0	0	0	0	0	0	0	0	0	0	0	0	0	0	0	0	0	0	0	0	0	0	0	0	0	0	0	0	0	0	0	0	0	0
g__Akkermansia	0	0	0	0	0	0	0	0	0	0	0	0	2554	0	0	0	0	0	0	0	0	0	0	0	0	0	0	0	0	0	0	0	0	0	0	0	0	0	0	0	0	0	0	0	0	0	0	823	0	0	0	0	0	0	0	0	0	0	0	0	0	0
